4294967279,396
4294967279,399
681,5
681,4
4294967278,371
4294967279,135
4294967279,306
4294967294,388
4294967279,458
4294967279,260
4294967294,492
4294967279,455
4294967279,431
4294967294,83
4294967294,90
4294967294,87
4294967294,86
4294967294,84
4294967294,500
696,4
696,6
685,4
685,5
4294967294,5
4294967294,91
4294967294,393
4294967294,46
4294967294,390
4294967294,426
4294967294,115
4294967294,1
4294967294,491
685,3
4294967294,166
4294967294,1426
684,3
4294967294,267
4294967294,0
4294967294,1460
4294967294,9
4294967294,107
687,3
686,3
4294967294,430
4294967294,92
4294967294,88
4294967294,85
4294967294,1420
4294967294,203
4294967294,419
4294967294,250
4294967294,179
4294967294,407
4294967294,398
4294967294,403
4294967294,411
4294967294,167
4294967294,180
4294967294,405
4294967294,113
4294967294,118
4294967294,468
4294967294,464
4294967294,189
4294967294,2
4294967294,254
4294967294,220
4294967294,251
4294967294,29
4294967294,413
4294967294,28
4294967294,1461
4294967294,24
4294967294,1424
4294967294,1439
4294967294,38
688,3
4294967294,22
4294967294,17
4294967294,67
4294967294,99
4294967294,41
4294967294,1425
4294967294,43
4294967294,52
4294967294,1423
4294967294,93
4294967294,95
4294967294,502
4294967294,504
4294967294,25
4294967294,222
4294967294,27
4294967294,81
4294967294,12
4294967294,26
4294967294,270
4294967294,1419
4294967294,68
4294967294,11
4294967279,314
4294967294,1462
4294967294,7
4294967294,6
0,5
4294967278,420
4294967278,132
4294967278,131
4294967278,130
4294967278,129
4294967278,128
4294967278,390
4294967278,127
4294967278,126
4294967278,410
4294967278,125
4294967278,124
4294967278,123
4294967278,122
4294967278,121
4294967278,301
4294967278,120
4294967278,221
4294967278,119
4294967278,445
4294967278,118
4294967278,0
4294967278,348
4294967278,342
4294967278,117
4294967278,116
4294967278,115
4294967278,114
4294967278,113
4294967278,112
4294967278,111
4294967278,110
4294967278,109
4294967278,108
4294967278,107
4294967278,106
4294967278,105
4294967278,104
4294967278,103
4294967278,102
4294967278,101
4294967278,100
4294967278,99
4294967278,98
4294967278,97
4294967278,96
4294967278,95
4294967278,94
4294967278,93
4294967278,92
4294967278,91
4294967278,90
4294967278,89
4294967278,87
4294967278,86
4294967278,85
4294967278,84
4294967278,83
4294967278,82
4294967278,81
4294967278,80
4294967278,79
4294967278,78
4294967278,77
4294967278,76
4294967278,75
4294967278,74
4294967278,73
4294967278,72
4294967278,71
4294967278,70
4294967278,69
4294967278,68
4294967278,67
4294967278,66
4294967278,65
4294967278,64
4294967279,89
4294967279,87
4294967279,85
4294967279,84
4294967279,83
4294967279,79
4294967279,71
4294967279,70
4294967279,69
4294967279,66
4294967279,65
4294967279,63
4294967279,61
4294967279,57
4294967279,56
4294967279,54
4294967279,53
4294967279,46
4294967279,44
4294967279,43
4294967279,37
4294967279,33
4294967279,32
4294967279,30
4294967279,27
4294967279,24
4294967279,22
4294967279,21
4294967279,19
4294967279,15
4294967279,14
4294967279,13
4294967279,251
4294967279,9
4294967279,410
4294967279,8
4294967279,7
4294967279,436
4294967279,6
4294967279,5
4294967279,0
4294967279,414
4294967279,299
4294967279,4
4294967278,404
4294967294,490
4294967278,402
699,7
699,6
699,5
699,4
699,3
699,2
699,1
4294967278,401
4294967278,400
4294967294,489
4294967294,488
4294967279,384
4294967294,487
4294967294,486
4294967294,485
4294967294,484
4294967294,483
4294967279,157
4294967294,482
4294967279,446
4294967294,481
4294967294,480
4294967294,479
4294967279,138
4294967294,478
4294967294,477
4294967279,317
4294967294,476
4294967279,316
4294967294,475
4294967279,309
4294967294,474
4294967294,473
4294967279,420
4294967294,472
4294967279,307
4294967294,511
4294967279,300
4294967279,298
4294967294,510
4294967279,297
4294967294,509
4294967294,508
4294967294,507
4294967294,506
4294967294,505
4294967294,503
4294967294,501
4294967294,497
4294967294,496
4294967279,268
4294967294,495
4294967294,494
4294967278,398
4294967294,493
4294967294,470
4294967278,396
4294967293,131
4294967293,130
4294967293,129
4294967293,128
4294967293,127
4294967293,126
4294967293,125
4294967293,124
4294967293,123
4294967293,122
4294967293,121
4294967293,120
4294967293,119
4294967293,118
4294967293,117
4294967293,116
4294967293,115
4294967293,114
4294967293,113
4294967293,112
4294967293,111
4294967293,110
4294967293,109
4294967293,108
4294967293,107
4294967293,106
4294967293,105
4294967293,104
4294967293,103
4294967293,102
4294967293,101
4294967293,100
4294967293,99
4294967293,98
4294967293,97
4294967293,96
4294967293,95
4294967293,94
4294967293,93
4294967293,92
4294967293,91
4294967293,90
4294967293,89
4294967293,88
4294967293,87
4294967293,86
4294967293,85
4294967293,84
4294967293,83
4294967293,82
4294967293,81
4294967293,80
4294967293,79
4294967293,78
4294967293,77
4294967293,76
4294967293,75
4294967293,74
4294967293,73
4294967293,72
4294967293,71
4294967293,70
4294967293,69
4294967293,68
4294967293,67
4294967293,66
4294967293,65
4294967293,64
4294967293,63
